0.6990291262135923
0.6893203883495146
0.6873786407766991
0.683495145631068
0.6893203883495146
0.7009708737864078
0.6970873786407767
0.6679611650485436
0.6893203883495146
0.7242718446601941
0.6854368932038835
0.6932038834951456
0.7300970873786408
0.6854368932038835
0.6776699029126214
0.6815533980582524
0.6718446601941748
0.6718446601941748
0.683495145631068
0.6951456310679611
0.6407766990291263
0.6815533980582524
0.6718446601941748
0.6621359223300971
0.6776699029126214
0.6951456310679611
0.6718446601941748
0.6932038834951456
0.6621359223300971
0.6524271844660194
0.7184466019417476
0.6912621359223301
0.6932038834951456
0.6679611650485436
0.7359223300970874
0.7067961165048544
0.6621359223300971
0.683495145631068
0.6951456310679611
0.6873786407766991
0.7029126213592233
0.7203883495145631
0.6776699029126214
0.6660194174757281
0.6737864077669903
0.6990291262135923
0.7184466019417476
0.7145631067961165
0.6815533980582524
0.7223300970873786
0.7126213592233009
0.7106796116504854
0.6737864077669903
0.7320388349514563
0.6640776699029126
0.6893203883495146
0.6407766990291263
0.6912621359223301
0.6873786407766991
0.7184466019417476
0.683495145631068
0.6854368932038835
0.6640776699029126
0.7242718446601941
0.7067961165048544
0.7087378640776699
0.6932038834951456
0.6932038834951456
0.7203883495145631
0.6893203883495146
0.6854368932038835
0.6990291262135923
0.6757281553398058
0.7359223300970874
0.7281553398058253
0.7203883495145631
0.6796116504854369
0.6932038834951456
0.7203883495145631
0.7106796116504854
0.7048543689320388
0.6815533980582524
0.6524271844660194
0.7320388349514563
0.6912621359223301
0.6776699029126214
0.6796116504854369
0.6796116504854369
0.7281553398058253
0.6854368932038835
0.7106796116504854
0.7106796116504854
0.6951456310679611
0.7339805825242719
0.7184466019417476
0.7087378640776699
0.7087378640776699
0.6970873786407767
0.7009708737864078
0.7145631067961165
0.7126213592233009
0.7009708737864078
0.7009708737864078
0.7087378640776699
0.7165048543689321
0.7184466019417476
0.7203883495145631
0.7126213592233009
0.6932038834951456
0.7184466019417476
0.6893203883495146
0.7009708737864078
0.7029126213592233
0.7126213592233009
0.7067961165048544
0.6854368932038835
0.6970873786407767
0.6796116504854369
0.6912621359223301
0.7184466019417476
0.7165048543689321
0.7067961165048544
0.6932038834951456
0.7126213592233009
0.7184466019417476
0.7184466019417476
0.7126213592233009
0.7165048543689321
0.7106796116504854
0.7067961165048544
0.7242718446601941
0.6970873786407767
0.7145631067961165
0.7067961165048544
0.7126213592233009
0.7126213592233009
0.7087378640776699
0.6990291262135923
0.7106796116504854
0.7048543689320388
0.6873786407766991
0.6796116504854369
0.6970873786407767
0.7184466019417476
0.7106796116504854
0.7106796116504854
0.6970873786407767
0.7048543689320388
0.7106796116504854
0.7203883495145631
0.7106796116504854
0.7009708737864078
0.6990291262135923
0.7417475728155339
0.7281553398058253
0.7106796116504854
0.7223300970873786
0.7106796116504854
0.7106796116504854
0.7009708737864078
0.7184466019417476
0.7165048543689321
0.7184466019417476
0.7165048543689321
0.7165048543689321
0.6796116504854369
0.7320388349514563
0.7165048543689321
0.7300970873786408
0.7145631067961165
